16666666
1214279338111	1214296510254	1214294388299
1214296134142	1214313787638	1214311080710
1214312914345	1214329440320	1214327683102
1214329249275	1214346875372	1214344301753
1214345969627	1214363436788	1214361048968
1214363017269	1214380539752	1214377660633
1214379480633	1214396921556	1214394391536
1214396048322	1214413636996	1214411021234
1214412827908	1214430005954	1214427676690
1214430361839	1214446129645	1214444276056
1214448122483	1214462885093	1214461099634
1214463537418	1214479701431	1214477613712
1214479211024	1214496667080	1214494339753
1214496088601	1214513126995	1214511060183
1214513461226	1214529674160	1214527725508
1214529491918	1214545908719	1214544271234
1214545824508	1214563103999	1214561012126
1214562605665	1214579602551	1214577710795
1214579008150	1214596335745	1214594355919
1214595784321	1214626848608	1214611451290
1214621908958	1214654524612	1214629484692
1214642883113	1214671261429	1214654653798
1214667291052	1214700843139	1214678006854
1214684293582	1214710964374	1214701472872
1214709567525	1214739318464	1214712513071
1214721048155	1214755433216	1214744619988
1214754003295	1214774258556	1214760674786
1214759891209	1214783685757	1214776703944
1214776480735	1214796104040	1214786052518
1214786003841	1214812652220	1214797153665
1214797067069	1214829208228	1214827640898
1236947362100	1236963523967	1236960946748
1236962804862	1236979963477	1236977606854
1236979323132	1236996297251	1236994286702
1236996033849	1237012825489	1237010929968
1237012272299	1237030719353	1237027594152
1237029397658	1237046797012	1237044262257
1237046988889	1237062942346	1237060937604
1237062453691	1237079669778	1237077604136
1237079287643	1237096276592	1237094262644
1237096156167	1237112637094	1237110929424
1237112460379	1237129458222	1237127602595
1237129298884	1237147150672	1237144280176
1237145825109	1237163389164	1237160940097
1237162501666	1237179874653	1237177613466
1237180477123	1237196610225	1237194277052
1237199790141	1237213015032	1237210954397
1237212471086	1237229650625	1237227603762
1237230369972	1237246626723	1237244286260
1237246379918	1237262886752	1237260937596
1237265774393	1237280154633	1237277596096
1237279440107	1237296930389	1237294281447
1237296253476	1237313487529	1237310932478
1237312364237	1237329529363	1237327598445
1237329322533	1237346272499	1237344272679
1237345864802	1237362920560	1237360934383
1237362371838	1237379850423	1237377603108
1237379355702	1237396429846	1237394272513
1237396313541	1237412937270	1237410938207
1237413636971	1237429412009	1237427601244
1237430682457	1237446667385	1237444265926
1237446651344	1237463156845	1237460926961
1237463780617	1237479597321	1237477594244
1237479441155	1237496112380	1237494260026
1237496873342	1237513926676	1237510947286
1237517306996	1237530124554	1237527625427
1237531938876	1237546158300	1237544260455
1237546849410	1237562767192	1237560932313
1237562592740	1237579997193	1237577601270
1237583045153	1237596177209	1237594262148
1237596819702	1237612962993	1237610929953
1237613436229	1237629563614	1237627605143
1237628974305	1237646075048	1237644265615
1237646822185	1237662904260	1237660943936
1237662368938	1237680346428	1237677607693
1237681001144	1237696458979	1237694275570
1237697068167	1237712859645	1237710930061
1237712452380	1237730333260	1237727615905
1237730061675	1237746767266	1237744275621
1237745797277	1237763045505	1237760940412
1237762649754	1237779428923	1237777594278
1237780245349	1237796388973	1237794268893
1237795849730	1237813209299	1237811249108
1237812912801	1237829801335	1237827733794
1237829284654	1237846304526	1237844272862
1237845886546	1237863130066	1237861016542
1237862730842	1237879833825	1237877685776
1237879393120	1237897147802	1237894290992
1237896290244	1237913194918	1237911137307
1237912777184	1237929940080	1237927834317
1237929494770	1237946505458	1237944283936
1237946034178	1237963298578	1237961130898
1237962777580	1237980303336	1237977829816
1237979579657	1237996993277	1237994381984
1237995898295	1238013358171	1238011032581
1238012879700	1238030694446	1238027772185
1238029398074	1238063676040	1238045137351
1238054337253	1238085800629	1238064400180
1238078305785	1238113709154	1238094751872
1238102806179	1238132928364	1238114594320
1238123357029	1238154353331	1238133333034
1238145749816	1238180582810	1238161468331
1238167776534	1238200620997	1238181317780
1238183428741	1238214096781	1238200710912
1238220383750	1238236142896	1238227626871
1238240654043	1238246824103	1238244293449
1238246696063	1238263937702	1238261094876
1238263606344	1238279490569	1238277748639
1238280285681	1238296158821	1238294314385
1238296893278	1238313886760	1238311071706
1238313206377	1238330554839	1238327767063
1238329776822	1238347058233	1238344273888
1238346253494	1238363677409	1238361062884
1238363102070	1238380069286	1238377688389
1238379605984	1238396419707	1238394288331
1238397075228	1238413396715	1238411060250
1238413197117	1238429998342	1238427719314
1238429671829	1238446293647	1238444291714
1238446919122	1238464168748	1238461167347
1238463085153	1238480494906	1238477733211
1238479771678	1238497309731	1238494271901
1238496305954	1238514080844	1238511060910
1238513148380	1238530481628	1238527816887
1238529879803	1238547142753	1238544278709
1238546367080	1238562996703	1238561050912
1238562936179	1238580243322	1238577637238
1238579703361	1238596231387	1238594274806

